function [ Receiver_locs, Transmitter_locs] = Transducer_Init(S_Resolution)
% Initialization of values

% Receiver_locs = [20,20,20;  20,20,-20;  20,-20,20;  20,-20,-20; ...
%                  -20,20,20; -20,20,-20; -20,-20,20; -20,-20,-20];
Receiver_locs = [100,100,100;  100,100,-100;  100,-100,100;  100,-100,-100; ...
                 -100,100,100; -100,100,-100; -100,-100,100; -100,-100,-100];
Transmitter_locs = [25,12,16];%; 4,22,25];


end

